Case 1:

    FUNC: simulate_projectile
    
    INPUT:
        v0 = 20
        theta = 0.7
        m = 1.5
        c = 0.1

    OUTPUT:
        out1 =  18.60765
        out2 =  -10.824761


Case 2:

    FUNC: simulate_projectile
    
    INPUT:
        v0 = [20.0, 31.3]
        theta = [0.7, 0.2]
        m = [1.5, 4.2]
        c = [0.1, 0.32]

    OUTPUT:
        out1 =  [18.60765, 24.774525]
        out2 =  [-10.824761, -17.60368]


Case 3:

    FUNC: simulate_projectile
    
    INPUT:
        v0 = [2000.0, 3100.3, 1842.3, 1902.7, 1932.96]
        theta = [0.7, 0.2, 0.4, 0.6, 0.37]
        m = [10.5, 40.2, 41.5, 24.1, 9.0]
        c = [0.1, 0.32, 0.52, 0.23,  0.08]

    OUTPUT:
        out1 =  [307.86258, 487.92996, 289.91013, 328.09717, 391.98553]
        out2 =  [235.59993, 75.7459,   99.17593,  200.80946, 128.5597]
